100
85
10
92
40
31
36
38
44
51
27
33
51
6
67
94
90
77
12
10
10
18
36
82
57
1
62
60
40
91
64
29
38
66
20
16
11
67
65
76
64
63
61
91
68
73
52
38
33
94
80
13
74
72
52
78
54
28
19
64
67
34
35
85
79
33
45
63
87
91
33
8
20
63
36
61
13
75
18
36
27
98
3
53
86
95
34
97
59
82
20
92
50
80
25
83
39
72
33
54
16
82
59
70
32
62
55
34
15
98
68
24
37
30
93
95
4
48
16
96
75
66
51
19
97
80
23
84
55
95
87
14
86
65
23
14
7
37
9
37
44
19
11
95
59
83
5
23
97
91
88
50
31
74
87
41
90
24
98
35
28
62
35
11
46
62
35
99
17
94
51
37
66
67
78
98
18
14
84
54
81
34
34
16
61
65
25
66
57
53
17
14
50
56
28
90
13
87
52
97
98
93
90
77
94
53
74
32
95
40
9
88
64
26
63
59
50
41
89
82
35
89
99
91
96
25
65
21
85
21
96
20
29
92
28
27
26
65
60
32
68
66
79
71
36
4
81
70
35
76
78
68
61
56
99
36
9
29
31
86
42
97
27
99
80
60
77
65
95
30
99
57
30
69
64
47
53
41
58
75
83
61
39
18
43
22
66
68
52
2
28
26
34
81
98
45
9
39
1
1
71
57
93
66
21
93
6
99
46
48
68
99
30
2
47
98
58
73
68
55
33
60
26
70
92
13
17
3
71
37
6
15
49
2
8
37
31
4
19
12
54
32
100
43
23
69
36
56
42
35
15
67
63
96
24
56
25
42
22
67
15
17
88
48
93
96
99
83
7
5
5
32
60
67
73
92
12
7
22
31
29
84
76
29
86
24
49
47
69
84
79
64
12
59
8
81
34
89
85
44
88
25
94
32
22
3
58
62
36
46
67
11
55
31
49
30
96
45
21
97
26
10
27
89
72
68
43
58
48
